1 1 1 1 1 1 1 1 1
1 4 0 0 0 0 0 0 1
1 0 0 0 0 0 0 0 1
1 0 0 0 0 0 0 0 1
1 0 0 0 0 0 0 0 1
1 0 0 0 0 0 0 0 1
1 0 0 0 0 0 2 0 1
1 0 0 0 0 0 0 8 1
1 1 1 1 1 1 1 1 1
w
1.0 1.0 1.0 1.0 1.0 1.0 1.0
1.0 0.0 0.117851130198 0.235702260396 0.353553390593 0.471404520791 0.589255650989 0.707106781187 1.0
1.0 0.117851130198 0.166666666667 0.263523138347 0.37267799625 0.485912657904 0.600925212577 0.71686043892 1.0
1.0 0.235702260396 0.263523138347 0.333333333333 0.424918292799 0.527046276695 0.634647758822 0.7453559925 1.0
1.0 0.353553390593 0.37267799625 0.424918292799 0.5 0.589255650989 0.687184270936 0.790569415042 1.0
1.0 0.471404520791 0.485912657904 0.527046276695 0.589255650989 0.666666666667 0.754615428178 0.849836585599 1.0
1.0 0.589255650989 0.600925212577 0.634647758822 0.687184270936 0.754615428178 0.833333333333 0.920446751432 1.0
1.0 0.707106781187 0.71686043892 0.7453559925 0.790569415042 0.849836585599 0.920446751432 1.0 1.0
1.0 1.0 1.0 1.0 1.0 1.0 1.0

1 1 1 1 1 1 1 1 1
1 0 0 0 0 0 0 8 1
1 0 0 0 0 0 2 0 1
1 0 0 0 0 0 0 0 1
1 0 0 0 0 0 0 0 1
1 0 0 0 0 0 0 0 1
1 0 0 0 0 0 0 0 1
1 4 0 0 0 0 0 0 1
1 1 1 1 1 1 1 1 1
w
1.0 1.0 1.0 1.0 1.0 1.0 1.0
1.0 0.707106781187 0.71686043892 0.7453559925 0.790569415042 0.849836585599 0.920446751432 1.0 1.0
1.0 0.589255650989 0.600925212577 0.634647758822 0.687184270936 0.754615428178 0.833333333333 0.920446751432 1.0
1.0 0.471404520791 0.485912657904 0.527046276695 0.589255650989 0.666666666667 0.754615428178 0.849836585599 1.0
1.0 0.353553390593 0.37267799625 0.424918292799 0.5 0.589255650989 0.687184270936 0.790569415042 1.0
1.0 0.235702260396 0.263523138347 0.333333333333 0.424918292799 0.527046276695 0.634647758822 0.7453559925 1.0
1.0 0.117851130198 0.166666666667 0.263523138347 0.37267799625 0.485912657904 0.600925212577 0.71686043892 1.0
1.0 0.0 0.117851130198 0.235702260396 0.353553390593 0.471404520791 0.589255650989 0.707106781187 1.0
1.0 1.0 1.0 1.0 1.0 1.0 1.0

1 1 1 1 1 1 1 1 1
1 0 0 0 0 0 0 4 1
1 0 0 0 0 0 0 0 1
1 0 0 0 0 0 0 0 1
1 0 0 0 0 0 0 0 1
1 0 0 0 0 0 0 0 1
1 0 2 0 0 0 0 0 1
1 8 0 0 0 0 0 0 1
1 1 1 1 1 1 1 1 1
w
1.0 1.0 1.0 1.0 1.0 1.0 1.0
1.0 0.707106781187 0.589255650989 0.471404520791 0.353553390593 0.235702260396 0.117851130198 0.0 1.0
1.0 0.71686043892 0.600925212577 0.485912657904 0.37267799625 0.263523138347 0.166666666667 0.117851130198 1.0
1.0 0.7453559925 0.634647758822 0.527046276695 0.424918292799 0.333333333333 0.263523138347 0.235702260396 1.0
1.0 0.790569415042 0.687184270936 0.589255650989 0.5 0.424918292799 0.37267799625 0.353553390593 1.0
1.0 0.849836585599 0.754615428178 0.666666666667 0.589255650989 0.527046276695 0.485912657904 0.471404520791 1.0
1.0 0.920446751432 0.833333333333 0.754615428178 0.687184270936 0.634647758822 0.600925212577 0.589255650989 1.0
1.0 1.0 0.920446751432 0.849836585599 0.790569415042 0.7453559925 0.71686043892 0.707106781187 1.0
1.0 1.0 1.0 1.0 1.0 1.0 1.0

1 1 1 1 1 1 1 1 1
1 8 0 0 0 0 0 0 1
1 0 2 0 0 0 0 0 1
1 0 0 0 0 0 0 0 1
1 0 0 0 0 0 0 0 1
1 0 0 0 0 0 0 0 1
1 0 0 0 0 0 0 0 1
1 0 0 0 0 0 0 4 1
1 1 1 1 1 1 1 1 1
w
1.0 1.0 1.0 1.0 1.0 1.0 1.0
1.0 1.0 0.920446751432 0.849836585599 0.790569415042 0.7453559925 0.71686043892 0.707106781187 1.0
1.0 0.920446751432 0.833333333333 0.754615428178 0.687184270936 0.634647758822 0.600925212577 0.589255650989 1.0
1.0 0.849836585599 0.754615428178 0.666666666667 0.589255650989 0.527046276695 0.485912657904 0.471404520791 1.0
1.0 0.790569415042 0.687184270936 0.589255650989 0.5 0.424918292799 0.37267799625 0.353553390593 1.0
1.0 0.7453559925 0.634647758822 0.527046276695 0.424918292799 0.333333333333 0.263523138347 0.235702260396 1.0
1.0 0.71686043892 0.600925212577 0.485912657904 0.37267799625 0.263523138347 0.166666666667 0.117851130198 1.0
1.0 0.707106781187 0.589255650989 0.471404520791 0.353553390593 0.235702260396 0.117851130198 0.0 1.0
1.0 1.0 1.0 1.0 1.0 1.0 1.0