1 1 1 1 1 1 1
1 4 0 0 0 0 1
1 0 0 0 0 0 1
1 0 0 0 0 0 1
1 0 0 0 2 0 1
1 0 0 0 0 8 1
1 1 1 1 1 1 1 
w
1.0 1.0 1.0 1.0 1.0 1.0 1.0
1.0 0.0 0.176776695297 0.353553390593 0.53033008589 0.707106781187 1.0
1.0 0.176776695297 0.25 0.395284707521 0.559016994375 0.728868986856 1.0
1.0 0.353553390593 0.395284707521 0.5 0.637377439199 0.790569415042 1.0
1.0 0.53033008589 0.559016994375 0.637377439199 0.75 0.883883476483 1.0
1.0 0.707106781187 0.728868986856 0.790569415042 0.883883476483 1.0 1.0
1.0 1.0 1.0 1.0 1.0 1.0 1.0

1 1 1 1 1 1 1
1 0 0 0 0 8 1
1 0 0 0 2 0 1
1 0 0 0 0 0 1
1 0 0 0 0 0 1
1 4 0 0 0 0 1
1 1 1 1 1 1 1 
w
1.0 1.0 1.0 1.0 1.0 1.0 1.0
1.0 0.707106781187 0.728868986856 0.790569415042 0.883883476483 1.0 1.0
1.0 0.53033008589 0.559016994375 0.637377439199 0.75 0.883883476483 1.0
1.0 0.353553390593 0.395284707521 0.5 0.637377439199 0.790569415042 1.0
1.0 0.176776695297 0.25 0.395284707521 0.559016994375 0.728868986856 1.0
1.0 0.0 0.176776695297 0.353553390593 0.53033008589 0.707106781187 1.0
1.0 1.0 1.0 1.0 1.0 1.0 1.0

1 1 1 1 1 1 1
1 0 0 0 0 4 1
1 0 0 0 0 0 1
1 0 0 0 0 0 1
1 0 2 0 0 0 1
1 8 0 0 0 0 1
1 1 1 1 1 1 1 
w
1.0 1.0 1.0 1.0 1.0 1.0 1.0
1.0 0.707106781187 0.53033008589 0.353553390593 0.176776695297 0.0 1.0 
1.0 0.728868986856 0.559016994375 0.395284707521 0.25 0.176776695297 1.0
1.0 0.790569415042 0.637377439199 0.5  0.395284707521 0.353553390593 1.0
1.0 0.883883476483 0.75  0.637377439199 0.559016994375 0.53033008589 1.0
1.0 1.0 0.883883476483  0.790569415042 0.728868986856 0.707106781187 1.0
1.0 1.0 1.0 1.0 1.0 1.0 1.0

1 1 1 1 1 1 1
1 8 0 0 0 0 1
1 0 2 0 0 0 1
1 0 0 0 0 0 1
1 0 0 0 0 0 1
1 0 0 0 0 4 1
1 1 1 1 1 1 1 
w
1.0 1.0 1.0 1.0 1.0 1.0 1.0
1.0 1.0 0.883883476483  0.790569415042 0.728868986856 0.707106781187 1.0
1.0 0.883883476483 0.75  0.637377439199 0.559016994375 0.53033008589 1.0
1.0 0.790569415042 0.637377439199 0.5  0.395284707521 0.353553390593 1.0
1.0 0.728868986856 0.559016994375 0.395284707521 0.25 0.176776695297 1.0
1.0 0.707106781187 0.53033008589 0.353553390593 0.176776695297 0.0 1.0 
1.0 1.0 1.0 1.0 1.0 1.0 1.0